0.274
0.677
9.247
9.996
12.68
18.921
20.798
21.201
23.515
28.786
28.837
30.195
30.825
32.094
32.126
36.203
36.881
40.223
45.824
46.685
46.772
46.986
54.837
55.85
55.935
56.403
57.01
58.895
61.742
67.652
67.938
68.749
68.795
69.469
71.351
81.576
82.903
86.178
92.128
93.627
94.271
95.472
95.498
96.535
97.845
98.103
106.577
107.459
108.753
110.857
111.516
114.028
116.11
121.28
125.045
126.331
126.415
128.243
129.301
132.886
133.768
134.649
135.979
138.227
139.117
139.383
139.478
141.572
144.276
147.243
148.563
153.02
153.157
156.288
157.643
160.207
162.132
164.527
166.499
167.267
168.056
168.527
169.971
171.809
173.184
174.734
175.818
175.926
176.853
177.244
177.894
178.687
178.737
180.048
186.865
187.854
188.986
189.838
190.752
192.726
194.109
194.257
195.112
196.193
196.991
198.837
200.387
200.723
202.227
203.153
203.365
205.895
207.324
208.143
212.129
212.13
213.965
214.005
214.236
216.304
218.061
218.341
226.83
227.506
228.007
228.251
228.816
229.654
231.374
238.042
241.163
242.486
244.461
244.783
245.418
248.779
248.803
250.259
251.004
253.708
255.197
255.352
255.597
258.488
261.361
262.3
263.615
267.253
268.651
272.406
273.717
276.712
277.903
281.336
283.12
286.922
288.324
288.491
291.048
291.25
291.358
291.789
299.818
300.346
309.292
310.696
311.499
313.59
313.86
315.621
320.591
321.223
322.86
323.456
326.958
328.093
328.73
331.846
334.005
334.351
334.782
334.864
339.429
343.709
345.077
346.536
349.547
350.884
354.54
354.948
355.419
355.455
355.946
360.053
361.325
361.814
362.002
365.406
365.545
365.708
366.395
370.977
373.558
375.125
380.041
380.09
380.904
381.143
381.307
387.423
387.625
392.054
393.437
395.988
397.929
401.749
402.493
404.571
404.888
405.225
412.716
414.486
414.617
415.261
415.354
417.161
418.861
425.556
428.127
430.255
433.939
436.799
437.327
437.57
438.695
439.64
440.562
442.834
445.839
448.897
450.582
451.504
452.628
452.773
453.628
460.745
460.981
461.467
462.484
466.864
467.299
468.263
470.118
471.792
481.105
482.709
483.565
485.375
485.942
487.183
489.232
489.279
492.656
494.817
495.891
497.491
498.078
498.657
498.874
499.5
500.791
513.039
515.982
516.602
518.462
518.733
526.308
527.667
528.87
530.154
530.43
532.573
534.682
536.188
537.67
538.224
539.204
541.077
543.745
545.749
547.439
549.678
553.739
557.98
561.669
562.128
562.809
562.865
562.882
567.833
568.032
571.67
581.426
581.824
582.805
583.264
583.409
586.824
592.214
592.941
596.949
597.309
600.287
601.673
601.845
605.149
606.673
610.409
612.298
614.475
616.677
617.244
619.605
621.131
624.223
626.951
628.334
637.775
641.072
641.244
642.172
645.322
647.112
647.424
647.427
650.01
650.057
653.726
654.061
657.611
658.075
660.372
661.362
664.855
664.939
666.619
667.342
667.42
669.85
680.183
682.572
686.505
693.098
694.218
694.576
697.264
700.6
701.169
704.522
706.172
709.593
714.336
715.316
721.594
724.276
724.568
724.898
725.267
726.226
727.116
730.614
731.116
736.073
737.629
738.991
744.975
746.792
752.374
753.625
755.502
758.005
759.266
761.728
762.578
765.089
765.724
766.263
768.523
771.322
777.082
777.432
779.031
780.401
782.756
782.775
784.918
786.204
786.216
787.2
787.755
788.003
790.347
790.876
793.065
796.609
797.033
801.274
802.83
803.44
803.716
805.193
809.897
812.572
813.36
815.575
816.951
817.683
818.62
819.878
821.595
822.08
822.998
823.608
828.731
836.027
839.155
840.98
840.981
843.225
843.429
843.875
848.995
850.072
858.213
858.652
859.975
860.11
862.673
864.053
865.91
867.37
871.298
871.933
873.302
873.944
874.671
877.491
878.081
882.223
884.938
887.744
888.526
894.378
899.483
899.729
909.859
912.237
914.515
915.945
916.408
919.061
919.551
920.549
921.665
925.563
926.332
928.24
930.736
933.17
937.205
939.967
940.139
941.871
947.602
948.447
949.01
950.138
950.741
951.871
952.914
954.763
957.397
959.386
960.754
962.88
963.541
965.512
968.018
968.599
970.06
971.222
978.353
978.771
986.778
987.958
992.125
994.766
998.415
999.305
999.908
